165
114
132
160
130
133
133
103
131
169
139
153
107
128
141
168
136
151
139
154
177
131
195
178
199
124
132
126
166
180
115
111
131
181
154
191
110
105
144
121
177
151
141
145
146
188
181
121
158
198
122
179
185
194
144
159
162
199
119
164
129
162
121
117
168
146
105
198
123
168
198
157
1000342
1000490
154
126
137
150
151
144
198
182
190
106
139
161
166
196
167
109
186
130
120
191
116
122
113
155
198
186
125
187
122
195
150
122
111
165
144
187
172
160
165
176
135
122
199
173
130
151
110
164
166
129
121
112
191
181
191
153
150
179
102
141
102
188
135
108
174
114
192
196
107
128
190
148
104
195
184
117
120
181
169
139
169
176
120
157
189
131
190
135
133
100
188
170
127
152
172
133
132
195
111
134
103
165
125
169
171
198
143
153
182
159
197
157
110
143
165
105
169
120
114
120
120
188
162
108
174
165
187
194
